4<5
10>100
4=5
4==5
4!=5
5>=2
3|4
3&4
0|0
!TRUE
!(3>0)

r<-3>1
s<-3>9
r|s
r&s
