result <- 4<5
10>100   #use a variable to store the result if required.
4=5
4==5
4!=5
5>=2
3|4
3&4
0|0

!(3>0)    #displays FALSE

r<- 3>1
s<- 3>9
r|s
r&s
